sala_L15 3 -2 0 0 0 0
smietnik 4.6 1.3 0 0 0 0
szafa 1.5 -3.6 0 0 0 0
kaloryfer -4.5 1.6 0 0 0 1.570796
kaloryfer -4.5 -2.8 0 0 0 1.570796
stol 3 -0.4 0 0 0 -1.570796
stol -4.4 1.4 0 0 0 -1.570796
stol -4.4 -0.2 0 0 0 -1.570796
stol 0.8 2.5 0 0 0 0
stol -0.8 2.5 0 0 0 0
stol -2.4 2.5 0 0 0 0
stol -4 2.5 0 0 0 0
stol -0.7 -3.4 0 0 0 0
stol -2.3 -3.4 0 0 0 0
stol -3.9 -3.4 0 0 0 0
krzeslo 4 -1.4 0 0 0 -1.570796
krzeslo 1.6 2.4 0 0 0 3.141593
krzeslo 0.9 2.4 0 0 0 3.141593
krzeslo 0 2.4 0 0 0 3.141593
krzeslo -0.7 2.4 0 0 0 3.141593
krzeslo -1.6 2.4 0 0 0 3.141593
krzeslo -2.3 2.4 0 0 0 3.141593
krzeslo -3.2 2.4 0 0 0 3.141593
krzeslo -3.9 2.4 0 0 0 3.141593
krzeslo -3.6 0.8 0 0 0 -1.570796
krzeslo -3.6 0.1 0 0 0 -1.570796
krzeslo -3.6 -0.8 0 0 0 -1.570796
krzeslo -3.6 -1.5 0 0 0 -1.570796
krzeslo -3.3 -2.6 0 0 0 0
krzeslo -2.6 -2.6 0 0 0 0
krzeslo -1.7 -2.6 0 0 0 0
krzeslo -1 -2.6 0 0 0 0
krzeslo -0.1 -2.6 0 0 0 0
krzeslo 0.6 -2.6 0 0 0 0
